13
AG                      0.00000000 0.07450626 0.06570727 0.27649592 0.15989741 0.05997064 0.05974263 0.06540816 0.06471646 0.03955704 1.31688582 0.00876764 0.04013746 
Dno                     0.07450626 0.00000000 0.06873198 0.28759610 0.17005390 0.05305916 0.05100500 0.05859204 0.05514385 0.06879898 1.33163312 0.07362330 0.06891477 
Pentalonia_nigronervosa 0.06570727 0.06873198 0.00000000 0.28000222 0.16145093 0.05177279 0.05238295 0.05737859 0.05793664 0.05967923 1.32782434 0.06483966 0.05947132 
DV                      0.27649592 0.28759610 0.28000222 0.00000000 0.29171237 0.27470818 0.27477654 0.28143693 0.28130809 0.27378246 1.36634144 0.27532107 0.27314196 
Eriosoma_lanigerum      0.15989741 0.17005390 0.16145093 0.29171237 0.00000000 0.15674796 0.15651071 0.16283343 0.16205381 0.15566795 1.35971739 0.15875387 0.15511470 
ACYPI                   0.05997064 0.05305916 0.05177279 0.27470818 0.15674796 0.00000000 0.03535956 0.02302583 0.04111968 0.05285572 1.31546805 0.05909439 0.05318942 
Mpe                     0.05974263 0.05100500 0.05238295 0.27477654 0.15651071 0.03535956 0.00000000 0.04062210 0.02349175 0.05326562 1.31315495 0.05885456 0.05350964 
S_avenae                0.06540816 0.05859204 0.05737859 0.28143693 0.16283343 0.02302583 0.04062210 0.00000000 0.04659436 0.05832655 1.32761150 0.06454775 0.05873754 
Mca                     0.06471646 0.05514385 0.05793664 0.28130809 0.16205381 0.04111968 0.02349175 0.04659436 0.00000000 0.05853058 1.32407400 0.06384697 0.05889875 
Rpa                     0.03955704 0.06879898 0.05967923 0.27378246 0.15566795 0.05285572 0.05326562 0.05832655 0.05853058 0.00000000 1.31586306 0.03904527 0.01059447 
FBpp                    1.31688582 1.33163312 1.32782434 1.36634144 1.35971739 1.31546805 1.31315495 1.32761150 1.32407400 1.31586306 0.00000000 1.31483564 1.31381013 
Aphis_goss              0.00876764 0.07362330 0.06483966 0.27532107 0.15875387 0.05909439 0.05885456 0.06454775 0.06384697 0.03904527 1.31483564 0.00000000 0.03928691 
rhopalosiphum_maidis    0.04013746 0.06891477 0.05947132 0.27314196 0.15511470 0.05318942 0.05350964 0.05873754 0.05889875 0.01059447 1.31381013 0.03928691 0.00000000 
